# coding:utf-8
import torch

tensor = torch.rand(2, 3, 4)
print(tensor)
tensor = tensor[torch.randperm(tensor.size(0))]  # 打乱第一个维度
print(tensor)

'''
输出结果如下所示：
tensor([[[0.4639, 0.2953, 0.6554, 0.6196],
         [0.7781, 0.8364, 0.6023, 0.1134],
         [0.7384, 0.6541, 0.6672, 0.5460]],

        [[0.6274, 0.8393, 0.3677, 0.1290],
         [0.6986, 0.2647, 0.4233, 0.0031],
         [0.1305, 0.6140, 0.8550, 0.0608]]])
         
tensor([[[0.6274, 0.8393, 0.3677, 0.1290],
         [0.6986, 0.2647, 0.4233, 0.0031],
         [0.1305, 0.6140, 0.8550, 0.0608]],

        [[0.4639, 0.2953, 0.6554, 0.6196],
         [0.7781, 0.8364, 0.6023, 0.1134],
         [0.7384, 0.6541, 0.6672, 0.5460]]])
'''
